1,0,0,0,0,201,0
2,45,0,0,0,211,0
3,46,0,0,0,200,0
4,46,0,0,0,224,0
5,46,0,0,0,187,0
6,46,0,0,0,188,0
7,47,0,0,0,212,0
8,47,0,0,0,185,0
9,47,1,17,0,205,0
10,47,1,0,0,195,0
11,48,0,0,0,209,0
12,48,0,2,0,225,0
13,49,0,0,0,194,0
14,49,0,0,0,212,0
15,49,0,0,0,184,0
16,50,1,0,0,227,0
17,50,0,0,0,193,0
18,50,0,13,0,198,0
19,50,0,0,0,194,0
20,51,1,0,0,194,0
21,51,0,0,0,197,0
22,51,0,0,0,188,0
23,52,0,1,0,210,0
24,52,0,0,0,188,0
25,52,0,0,0,201,0
26,53,0,13,0,189,0
27,53,0,0,0,200,0
28,53,0,0,0,206,0
29,54,0,0,0,207,0
30,54,0,23,0,200,0
31,54,0,0,0,202,0
32,55,0,0,0,222,0
33,55,0,0,0,215,0
34,55,0,0,0,212,0
35,56,0,0,0,218,0
36,56,0,0,0,183,0
37,56,0,0,0,189,0
38,57,0,0,0,199,0
39,57,0,0,0,193,0
40,57,0,0,0,217,0
41,58,0,0,0,204,0
42,58,0,0,0,219,0
43,58,0,0,0,221,0
44,59,0,0,0,218,0
45,59,0,0,0,213,0
46,59,0,2,0,200,0
47,60,0,2,0,194,0
48,60,0,0,0,191,0
49,60,1,0,0,211,0
50,61,0,1,0,216,0
51,61,0,0,0,206,0
52,61,0,0,0,216,0
53,62,0,0,0,202,0
54,62,1,0,0,210,0
55,62,0,0,0,209,0
56,63,0,0,0,176,0
57,63,0,0,0,207,0
58,63,0,0,0,199,0
59,64,1,0,0,207,0
60,64,1,0,0,204,0
61,64,1,23,0,212,0
62,65,0,0,0,188,0
63,65,0,0,0,235,0
64,65,0,0,0,218,0
65,66,1,40,0,207,0
66,66,0,0,0,195,0
67,66,1,19,0,177,0
68,67,0,0,0,185,0
69,67,0,3,0,193,0
70,67,1,21,0,186,0
71,68,0,0,0,221,0
72,68,2,39,0,225,0
73,68,0,0,0,188,0
74,69,0,0,0,185,0
75,69,0,0,0,212,0
76,70,0,0,0,205,0
77,70,1,25,0,193,0
78,70,0,12,0,196,0
79,71,0,0,0,220,0
80,71,0,10,0,190,0
81,71,0,0,0,215,0
82,72,0,0,0,203,0
83,72,0,0,0,220,0
84,73,0,0,0,210,0
85,73,1,16,0,207,0
86,73,1,7,0,210,0
87,74,1,40,0,226,0
88,74,0,0,0,218,0
89,74,0,16,0,208,0
90,75,1,0,0,172,0
91,75,0,0,0,192,0
92,75,1,23,0,174,0
93,75,0,0,0,190,0
94,76,1,0,0,216,0
95,76,0,0,0,196,0
96,76,0,4,0,203,0
97,77,1,25,0,209,0
98,77,1,7,0,209,0
99,77,0,0,0,186,0
100,79,1,85,0,1001,1
101,79,1,0,0,204,0
102,80,0,0,0,172,0
103,80,1,48,0,207,0
104,80,0,0,0,219,0
105,81,0,0,0,207,0
106,81,0,0,0,227,0
107,81,0,12,0,212,0
108,82,0,0,0,188,0
109,82,0,4,0,200,0
110,82,0,0,0,222,0
111,83,0,23,0,196,0
112,83,0,0,0,198,0
113,83,0,0,0,224,0
114,84,1,4,0,185,0
115,84,0,0,0,192,0
116,84,0,1,0,202,0
117,84,0,4,0,197,0
118,85,0,0,0,227,0
119,85,0,0,0,199,0
120,85,0,0,0,190,0
121,86,1,25,0,181,0
122,86,0,0,0,187,0
123,86,1,7,0,222,0
124,87,0,0,0,204,0
125,87,0,0,0,184,0
126,87,1,0,0,189,0
127,88,0,0,0,222,0
128,88,0,3,0,205,0
129,88,1,31,0,222,0
130,89,1,15,0,179,0
131,89,0,0,0,227,0
132,89,0,0,0,202,0
133,90,0,0,0,205,0
134,90,0,0,0,196,0
135,91,0,0,0,227,0
136,91,0,0,0,197,0
137,92,0,0,0,180,0
138,92,1,43,0,198,0
139,93,0,0,0,197,0
140,93,0,0,0,220,0
141,94,0,0,0,221,0
142,94,0,0,0,213,0
143,95,0,0,0,188,0
144,95,0,0,0,235,0
145,96,1,0,0,195,0
146,96,0,0,0,199,0
147,96,0,0,0,182,0
148,97,0,0,0,197,0
149,97,0,0,0,215,0
150,97,0,0,0,215,0
151,98,0,0,0,202,0
152,98,0,0,0,188,0
153,98,0,0,0,204,0
154,99,0,0,0,188,0
155,99,0,0,0,189,0
156,100,0,0,0,212,0
157,100,1,0,0,182,0
158,100,0,2,0,239,0
159,101,0,5,0,209,0
160,101,0,7,0,199,0
161,102,0,0,0,201,0
162,102,0,0,0,205,0
163,102,0,0,0,203,0
164,103,0,0,0,223,0
165,103,0,18,0,228,0
166,104,0,0,0,201,0
167,104,0,0,0,195,0
168,104,0,0,0,210,0
169,105,0,0,0,203,0
170,105,0,0,0,190,0
171,105,0,0,0,184,0
172,106,0,1,0,204,0
173,106,1,0,0,218,0
174,106,0,0,0,205,0
175,107,1,26,0,220,0
176,107,0,0,0,205,0
177,107,0,0,0,178,0
178,108,0,0,0,193,0
179,108,0,0,0,195,0
180,109,0,0,0,210,0
181,109,0,0,0,213,0
182,109,1,6,0,182,0
183,110,0,0,0,218,0
184,110,1,0,0,225,0
185,110,0,13,0,183,0
186,111,0,0,0,225,0
187,111,0,4,0,200,0
188,111,0,0,0,180,0
189,112,0,0,0,204,0
190,112,0,0,0,206,0
191,113,0,0,0,201,0
192,113,0,2,0,216,0
193,113,0,0,0,203,0
194,114,0,3,0,174,0
195,114,1,0,0,213,0
196,114,0,0,0,221,0
197,115,0,0,0,201,0
198,115,0,0,0,166,0
199,115,0,0,0,218,0
200,117,1,103,0,1001,1
201,117,0,0,0,211,0
202,118,0,0,0,222,0
203,118,0,0,0,186,0
204,118,0,0,0,210,0
205,119,0,0,0,216,0
206,119,0,0,0,225,0
207,120,0,12,0,217,0
208,120,0,0,0,211,0
209,120,0,45,0,194,0
210,121,0,0,0,193,0
211,121,0,0,0,187,0
212,121,1,0,0,222,0
213,122,0,0,0,214,0
214,122,0,1,0,214,0
215,122,0,1,0,191,0
216,123,0,0,0,212,0
217,123,1,40,0,238,0
218,124,0,0,0,210,0
219,124,0,1,0,185,0
220,124,0,0,0,183,0
221,125,1,3,0,216,0
222,125,0,2,0,205,0
223,125,1,3,0,197,0
224,126,0,0,0,194,0
225,126,0,3,0,210,0
226,127,1,0,0,214,0
227,127,0,0,0,211,0
228,127,0,0,0,216,0
229,128,0,0,0,183,0
230,128,0,0,0,181,0
231,128,0,0,0,190,0
232,129,1,11,0,205,0
233,129,0,2,0,208,0
234,129,0,4,0,215,0
235,130,0,0,0,199,0
236,130,0,0,0,193,0
237,130,0,0,0,213,0
238,131,0,0,0,214,0
239,131,0,0,0,223,0
240,131,1,48,0,200,0
241,132,1,18,0,189,0
242,132,0,0,0,271,0
243,132,0,0,0,215,0
244,133,0,0,0,187,0
245,133,0,0,0,221,0
246,134,0,0,0,197,0
247,134,1,0,0,231,0
248,134,0,7,0,185,0
249,135,0,0,0,210,0
250,135,0,0,0,196,0
251,135,1,0,0,199,0
252,136,1,0,0,193,0
253,136,1,1,0,206,0
254,137,0,0,0,186,0
255,137,1,8,0,224,0
256,137,0,0,0,210,0
257,138,0,0,0,185,0
258,138,0,0,0,193,0
259,138,0,0,0,179,0
260,139,0,0,0,198,0
261,139,0,0,0,221,0
262,139,0,0,0,188,0
263,140,0,0,0,187,0
264,140,0,0,0,203,0
265,140,1,25,0,206,0
266,141,0,0,0,179,0
267,141,1,39,0,186,0
268,141,0,2,0,197,0
269,142,0,0,0,184,0
270,142,0,0,0,205,0
271,142,0,0,0,194,0
272,143,0,0,0,212,0
273,143,0,1,0,215,0
274,144,0,2,0,211,0
275,144,0,8,0,205,0
276,145,0,3,0,211,0
277,145,1,4,0,190,0
278,145,1,11,0,200,0
279,146,1,2,0,211,0
280,146,1,0,0,185,0
281,146,0,10,0,185,0
282,147,0,1,0,184,0
283,147,1,0,0,201,0
284,147,0,0,0,211,0
285,148,0,0,0,216,0
286,148,0,1,0,214,0
287,148,0,0,0,215,0
288,149,0,0,0,177,0
289,149,1,5,0,193,0
290,149,0,0,0,213,0
291,150,0,0,0,191,0
292,150,0,0,0,196,0
293,150,1,0,0,192,0
294,151,0,0,0,189,0
295,151,1,0,0,218,0
296,152,1,10,0,205,0
297,152,0,0,0,223,0
298,153,1,20,0,240,0
299,153,1,44,0,209,0
300,155,1,103,0,1001,1
301,165,0,0,0,241,0
302,166,1,0,0,206,0
303,166,1,18,0,214,0
